526,3
526,2
526,1
526,0
525,3
525,2
525,1
525,0
524,4
524,3
524,2
524,1
524,0
523,4
523,3
523,2
523,1
523,0
522,6
522,5
522,4
522,3
522,2
522,1
522,0
521,6
521,5
521,4
521,3
521,2
521,1
521,0
520,6
520,5
520,4
520,3
520,2
520,1
520,0
519,4
519,3
519,2
519,1
519,0
518,3
518,2
518,1
518,0
517,3
517,2
517,1
517,0
516,4
516,3
516,2
516,1
516,0
515,4
515,3
515,2
515,1
515,0
514,4
514,3
514,2
514,1
514,0
513,4
513,3
513,2
513,1
513,0
512,4
512,3
512,2
512,1
512,0
511,4
511,3
511,2
511,1
511,0
510,4
510,3
510,2
510,1
510,0
509,3
509,2
509,1
509,0
508,4
508,3
508,2
508,1
508,0
507,3
507,2
507,1
507,0
506,3
506,2
506,1
506,0
505,5
505,4
505,3
505,2
505,1
505,0
504,3
504,2
504,1
504,0
503,4
503,3
503,2
503,1
503,0
502,3
502,2
502,1
502,0
501,4
501,3
501,2
501,1
501,0
500,4
500,3
500,2
500,1
500,0
499,6
499,5
499,4
499,3
499,2
499,1
499,0
498,6
498,5
498,4
498,3
498,2
498,1
498,0
497,6
497,5
497,4
497,3
497,2
497,1
497,0
496,4
496,3
496,2
496,1
496,0
495,3
495,2
495,1
495,0
494,3
494,2
494,1
494,0
493,4
493,3
493,2
493,1
493,0
492,4
492,3
492,2
492,1
492,0
491,4
491,3
491,2
491,1
491,0
490,4
490,3
490,2
490,1
490,0
489,4
489,3
489,2
489,1
489,0
488,4
488,3
488,2
488,1
488,0
487,4
487,3
487,2
487,1
487,0
486,3
486,2
486,1
486,0
485,4
485,3
485,2
485,1
485,0
484,3
484,2
484,1
484,0
483,3
483,2
483,1
483,0
482,5
482,4
482,3
482,2
482,1
482,0
481,3
481,2
481,1
481,0
480,4
480,3
480,2
480,1
480,0
479,3
479,2
479,1
479,0
0,310
0,305
0,308
0,307
0,302
0,304
0,303
0,12
0,10
0,8
0,0
0,415
0,414
0,300
0,457
0,412
0,299
0,527
0,488
0,298
0,572
0,411
0,297
0,448
0,410
0,296
0,333
0,409
0,295
0,564
0,492
0,294
0,491
0,407
0,293
0,526
0,486
0,292
0,525
0,428
0,291
0,467
0,404
0,290
0,546
0,490
0,289
0,524
0,559
0,288
0,462
0,403
0,287
0,433
0,402
0,286
0,545
0,401
0,285
0,555
0,502
0,284
0,554
0,456
0,283
0,523
0,552
0,282
0,522
0,570
0,281
0,521
0,360
0,280
0,395
0,394
0,279
0,393
0,446
0,278
0,391
0,390
0,277
0,389
0,388
0,276
0,368
0,520
0,275
0,432
0,387
0,274
0,427
0,386
0,273
0,483
0,385
0,272
0,482
0,351
0,271
0,542
0,384
0,270
0,519
0,383
0,269
0,562
0,574
0,268
0,480
0,381
0,267
0,544
0,479
0,266
0,565
0,518
0,265
0,478
0,380
0,264
0,477
0,379
0,263
0,476
0,378
0,262
0,475
0,474
0,261
0,543
0,377
0,260
0,517
0,550
0,259
0,473
0,375
0,258
0,471
0,374
0,257
0,569
0,516
0,256
0,560
0,376
0,255
0,470
0,373
0,254
0,398
0,372
0,253
0,549
0,371
0,252
0,515
0,539
0,251
0,469
0,370
0,250
0,466
0,534
0,249
0,514
0,487
0,248
0,489
0,367
0,247
0,531
0,513
0,246
0,553
0,504
0,245
0,464
0,366
0,244
0,547
0,365
0,242
0,422
0,364
0,241
0,506
0,322
458,1
458,5
2,4
0,334
0,350
0,361
0,369
0,382
0,397
0,408
0,413
0,421
0,494
0,575
2,5
2,7
3,0
3,1
455,0
455,2
455,3
457,1
457,2
458,2
459,0
459,2
460,0
460,1
460,3
461,0
461,2
461,4
462,0
462,2
462,3
463,1
463,3
463,4
464,1
464,2
464,4
465,0
465,2
465,4
467,0
467,2
467,3
469,0
469,2
469,3
472,0
472,1
472,3
472,4
475,1
475,3
475,4
475,6
477,0
477,2
477,4
478,0
478,2
478,3
478,1
477,3
477,1
475,5
475,2
475,0
472,2
469,4
469,1
467,4
467,1
465,3
465,1
464,3
464,0
463,2
463,0
462,1
461,3
461,1
460,2
459,3
459,1
457,3
457,0
455,1
3,3
2,8
2,2
0,499
0,418
0,406
1,1
1,3
1,0
458,4
0,329
458,3
458,0
0,319
0,243
2,1
2,6
2,3
2,0
0,9
0,363
0,240
0,512
0,344
0,239
0,460
0,362
0,238
0,459
0,503
0,237
0,511
0,236
0,451
0,359
0,235
0,540
0,405
0,234
0,497
0,458
0,233
0,507
0,358
0,232
0,498
0,357
0,231
0,541
0,356
0,230
0,465
0,355
0,229
0,399
0,354
0,228
0,537
0,353
0,227
0,535
0,495
0,226
0,500
0,352
0,225
0,453
0,501
0,224
0,566
0,485
0,223
0,533
0,349
0,222
0,420
0,452
0,221
0,510
0,481
0,220
0,392
0,348
0,219
0,447
0,347
0,218
0,396
0,346
0,217
0,509
0,455
0,216
0,449
0,463
0,215
0,561
0,343
0,214
0,532
0,342
0,213
0,568
0,341
0,212
0,435
0,340
0,211
0,345
0,339
0,210
0,444
0,338
0,209
0,434
0,337
0,208
0,468
0,336
0,207
0,445
0,573
0,206
0,493
0,335
0,205
0,442
0,419
0,204
0,441
0,461
0,203
0,496
0,332
0,202
0,563
0,438
0,201
0,530
0,200
0,548
0,331
0,199
0,437
0,558
0,198
0,436
0,454
0,197
0,400
0,328
0,196
0,529
0,195
0,528
0,443
0,194
0,484
0,327
0,193
0,567
0,326
0,192
0,440
0,325
0,63
0,431
0,324
0,62
0,429
0,323
0,61
0,538
0,321
0,60
0,536
0,426
0,59
0,472
0,320
0,58
0,425
0,450
0,57
0,424
0,430
0,56
0,317
0,55
0,557
0,318
0,54
0,556
0,423
0,53
0,508
0,316
0,52
0,330
0,315
0,51
0,505
0,314
0,50
0,439
0,313
0,49
0,312
0,48
0,551
0,311
0,47
0,417
0,309
0,46
0,571
0,306
0,45
0,416
0,301
0,6
0,5
0,1
0,11
0,4
0,2
0,3
0,7
